# unix_time, cycles_done, cur_path, paths_total, pending_total, pending_favs, map_size, unique_crashes, unique_hangs, max_depth, execs_per_sec
1568888383, 0, 0, 1, 1, 1, 0.01%, 0, 0, 1, 347.83
1568888388, 20, 3, 4, 0, 0, 0.02%, 1, 0, 4, 9358.67
1568888393, 44, 1, 4, 0, 0, 0.02%, 1, 0, 4, 9613.89
1568888399, 68, 3, 4, 0, 0, 0.02%, 1, 0, 4, 10012.80
1568888404, 91, 3, 4, 0, 0, 0.02%, 1, 0, 4, 9854.06
1568888409, 116, 1, 4, 0, 0, 0.02%, 1, 0, 4, 10052.78
1568888414, 140, 1, 4, 0, 0, 0.02%, 1, 0, 4, 9729.54
1568888419, 162, 3, 4, 0, 0, 0.02%, 1, 0, 4, 9658.64
1568888424, 185, 3, 4, 0, 0, 0.02%, 1, 0, 4, 9494.08
1568888430, 209, 0, 4, 0, 0, 0.02%, 1, 0, 4, 9737.90
1568888435, 232, 3, 4, 0, 0, 0.02%, 1, 0, 4, 9781.89
1568888440, 254, 3, 4, 0, 0, 0.02%, 1, 0, 4, 9543.97
